3
16 20
8 16
4 8
0.294861 0.30853 -0.209781 0.0398466 -0.311852 0.0122454 -0.410843 0.309437 -0.303563 0.235155 -0.260562 0.303197 -0.226722 0.127514 -0.370978 -0.135823 0.359672 0.227007 -0.207569 0.101524 
-0.275735 0.174727 -0.114747 0.238833 0.172267 -0.249558 0.297206 0.000747171 -0.182418 0.173238 -0.0869237 0.152637 0.230471 0.0566695 0.0531947 -0.277208 0.124397 0.199589 -0.139676 0.0565637 
0.0782963 -0.394857 0.0832362 -0.294648 0.325989 -0.166404 0.111431 -0.0482468 0.318671 -0.136855 0.357384 -0.154987 -0.113218 0.292979 0.372549 0.419853 -0.00257928 0.316005 -0.365353 -0.21426 
-0.148388 0.365995 -0.230636 0.381183 0.0502869 -0.285089 -0.267337 0.120832 -0.265404 -0.135279 0.046448 -0.286681 -0.364591 -0.232215 0.0513767 -0.265892 -0.244239 0.233286 -0.0505834 0.0721294 
-0.0692097 -0.301449 -0.233397 0.0541041 0.182419 -0.057637 -0.116031 -0.322561 -0.14601 0.114003 -0.226522 0.357839 0.14807 0.28988 0.35966 -0.365755 -0.418602 -0.0180531 0.245272 -0.227917 
0.132943 -0.146689 0.409377 0.259886 0.194644 -0.258313 0.0367462 0.13587 -0.157097 0.152198 0.385599 0.0807206 0.370658 0.272384 -0.094717 -0.33496 0.355677 -0.189939 0.0661314 0.137548 
-0.0494389 0.392211 -0.184738 0.3922 -0.161944 0.355446 -0.256607 0.297021 -0.335707 0.372969 -0.215099 0.0397436 -0.232007 -0.226422 0.0670026 -0.272635 -0.396578 -0.00484255 0.0835973 -0.188035 
-0.418232 0.188053 -0.172206 -0.0532475 -0.0649249 -0.159904 0.102806 0.307407 -0.34524 0.322226 -0.201014 -0.216344 -0.00621453 0.0826959 0.375733 0.00396244 0.380122 -0.344349 -0.287208 0.352263 
0.149887 -0.218602 -0.396448 -0.14744 -0.405951 -0.308716 0.417686 0.318436 -0.167652 -0.283388 0.312265 -0.36771 -0.320291 -0.195973 0.0124357 0.155742 0.287263 -0.0598877 0.370984 -0.093528 
0.403052 -0.178575 -0.0224187 0.0440511 0.150458 0.0932232 0.398959 -0.204728 -0.210174 0.292149 0.238711 -0.304021 0.196052 -0.100837 0.228242 0.185204 -0.0383138 0.0681447 -0.37232 0.237757 
-0.347713 0.148701 -0.327746 0.052928 0.329703 -0.218219 0.0133938 -0.216506 0.306504 -0.0896527 0.178407 0.22057 0.0967216 -0.318702 -0.169771 0.094814 0.382053 0.138488 0.280444 -0.290814 
-0.20259 0.301409 0.0249625 0.08211 -0.136939 -0.330901 0.13442 -0.0790383 0.0152219 -0.385547 -0.329835 0.153942 -0.0267057 -0.120733 -0.242135 0.0413188 -0.0895055 -0.0707388 -0.00395587 -0.12632 
-0.0929023 0.363013 -0.214057 -0.150107 0.293154 -0.36486 -0.0724707 0.331638 -0.280583 0.279972 0.399197 0.182617 0.178039 0.378719 0.398361 0.0304407 -0.266841 -0.0231044 -0.256018 -0.195924 
0.39285 -0.412128 0.40476 -0.3597 -0.240687 0.161032 0.197251 0.143381 -0.257937 0.00521999 -0.316824 0.165209 -0.151369 -0.357644 -0.323681 0.253436 -0.0680698 0.0628304 -0.289787 0.356201 
0.207139 -0.097926 -0.410006 -0.0442522 0.361806 0.246147 0.212539 -0.220219 0.357855 0.124967 0.338754 -0.0642378 0.096476 -0.161537 -0.334346 -0.27975 -0.209453 -0.402398 0.274272 -0.257269 
-0.232012 -0.185272 -0.323756 0.370196 -0.26891 -0.0729789 -0.204058 0.240793 0.404058 -0.199744 -0.211974 -0.00152671 0.0663594 0.277422 -0.0108726 0.00525576 0.389336 -0.0018065 0.389279 0.134655 
0.0439927 0.025372 0.0279302 -0.0184843 -0.0396075 0.0468407 0.0146097 -0.0209149 -0.0544513 -0.0181303 -0.000920297 -0.0225906 0.000225974 0.0103337 -0.00426356 -0.0126399 
0.196438 0.465608 0.451031 -0.0106031 -0.150924 0.373668 -0.000497178 0.0299305 -0.329005 0.14668 -0.120149 0.294075 0.439974 -0.188084 -0.329463 -0.0181407 
0.228822 0.349151 0.277752 0.306537 0.105169 0.260451 -0.12549 -0.377383 -0.304025 -0.105188 -0.27697 -0.274319 -0.228586 0.309546 -0.00979996 -0.0797176 
0.141059 0.166797 0.177838 0.506265 0.039633 -0.0791431 0.495702 0.478383 -0.382928 -0.399784 0.349616 -0.050612 -0.390879 -0.102014 -0.428537 0.124821 
0.220569 0.408627 0.259495 -0.0894083 0.107956 0.0411698 0.0278807 -0.0262638 0.123208 -0.148472 0.22235 -0.000290781 -0.0509544 0.277782 -0.00349401 -0.0495164 
0.388334 -0.396151 -0.438502 -0.24513 0.491284 -0.11903 0.173039 0.249454 -0.129897 0.30445 -0.0113921 -0.238629 -0.405275 0.197982 -0.101054 0.00908785 
0.285486 0.0129683 0.325005 -0.329414 -0.362845 0.600695 0.318852 0.0205313 -0.216652 -0.125996 0.387487 -0.170362 0.0312709 0.138449 0.239259 -0.0851116 
-0.290842 -0.275952 0.183629 0.313801 0.330019 -0.0827532 0.136667 0.241949 0.00440423 0.127242 -0.383203 0.282079 -0.399823 0.141076 0.0573495 0.270476 
0.394997 0.277941 -0.232795 -0.0859771 -0.288986 -0.199002 0.211598 0.107527 -0.425498 -0.0232669 -0.24628 0.236552 0.342182 0.307399 0.152121 0.498196 
0.147183 0.195367 0.040656 -0.0477865 0.0427495 0.273295 -0.0580327 0.0627609 
-0.892618 -0.0386198 -0.778213 0.14663 -0.665329 -0.774943 0.159601 -0.394693 
-0.223177 -0.648703 -0.218197 -0.286061 -0.144955 -0.772569 0.142577 -0.397074 
-0.679712 -0.894221 0.0148929 0.0443175 -0.0619268 -0.928393 -0.29138 -0.110634 
-0.628082 -0.00340058 -0.246917 -0.345006 -0.0275603 0.208257 -0.75204 -0.274486 
-0.427154 -0.811128 -0.626327 -0.142676 
0.01
